# Game Level Exporter v1.3
MESH
Ground
<Matrix 4x4 (11.7623,   0.0000,  0.0000, 0.0000)
            ( 0.0000,   0.0000, 11.7623, 0.0000)
            ( 0.0000, -11.7623,  0.0000, 0.0000)
            ( 0.0000,   0.0000,  0.0000, 1.0000)>
MESH
Sawmill
<Matrix 4x4 ( 1.1387,  0.0000, 0.0000, 0.0000)
            ( 0.0000,  1.1387, 0.0000, 0.0000)
            ( 0.0000, -0.0000, 1.1387, 0.0000)
            (-9.2592,  0.0000, 7.6842, 1.0000)>
MESH
Mill
<Matrix 4x4 (-0.0000,  0.0000,  1.0000, 0.0000)
            (-0.0000,  1.0000, -0.0000, 0.0000)
            (-1.0000, -0.0000, -0.0000, 0.0000)
            (-8.3174,  0.0000,  0.8988, 1.0000)>
MESH
Inn
<Matrix 4x4 (1.1387,  0.0000, 0.0000, 0.0000)
            (0.0000,  1.1387, 0.0000, 0.0000)
            (0.0000, -0.0000, 1.1387, 0.0000)
            (1.7993,  0.0000, 0.7546, 1.0000)>
MESH
House_4
<Matrix 4x4 (1.1387,  0.0000, 0.0000, 0.0000)
            (0.0000,  1.1387, 0.0000, 0.0000)
            (0.0000, -0.0000, 1.1387, 0.0000)
            (0.2411,  0.0000, 9.5580, 1.0000)>
MESH
House_3
<Matrix 4x4 ( 1.1387,  0.0000, 0.0000, 0.0000)
            ( 0.0000,  1.1387, 0.0000, 0.0000)
            ( 0.0000, -0.0000, 1.1387, 0.0000)
            (-2.0895,  0.0000, 9.5580, 1.0000)>
MESH
House_2
<Matrix 4x4 (-0.0000,  0.0000,  1.1387, 0.0000)
            (-0.0000,  1.1387, -0.0000, 0.0000)
            (-1.1387, -0.0000, -0.0000, 0.0000)
            ( 8.9541,  0.0000,  8.3503, 1.0000)>
MESH
House_1
<Matrix 4x4 (-0.0000, 0.0000, -1.1387, 0.0000)
            (-0.0000, 1.1387,  0.0000, 0.0000)
            ( 1.1387, 0.0000, -0.0000, 0.0000)
            ( 9.0173, 0.0000,  5.1038, 1.0000)>
MESH
Blacksmith
<Matrix 4x4 (-0.0000,  0.0000, -1.1387, 0.0000)
            ( 0.0000,  1.1387, -0.0000, 0.0000)
            ( 1.1387, -0.0000, -0.0000, 0.0000)
            ( 8.9140,  0.0000, -9.6959, 1.0000)>
MESH
Bell_Tower
<Matrix 4x4 ( 1.1387,  0.0000, 0.0000, 0.0000)
            ( 0.0000,  1.1387, 0.0000, 0.0000)
            ( 0.0000, -0.0000, 1.1387, 0.0000)
            (-1.3650,  0.0000, 0.6797, 1.0000)>
MESH
House_4.001
<Matrix 4x4 (1.1387,  0.0000, 0.0000, 0.0000)
            (0.0000,  1.1387, 0.0000, 0.0000)
            (0.0000, -0.0000, 1.1387, 0.0000)
            (2.5716,  0.0000, 9.5580, 1.0000)>
MESH
House_3.001
<Matrix 4x4 (1.1387,  0.0000, 0.0000, 0.0000)
            (0.0000,  1.1387, 0.0000, 0.0000)
            (0.0000, -0.0000, 1.1387, 0.0000)
            (4.9022,  0.0000, 9.5580, 1.0000)>
MESH
House_4.002
<Matrix 4x4 (-0.0000,  0.0000, -1.1387, 0.0000)
            ( 0.0000,  1.1387, -0.0000, 0.0000)
            ( 1.1387, -0.0000, -0.0000, 0.0000)
            ( 9.7047,  0.0000, -0.2341, 1.0000)>
MESH
House_3.002
<Matrix 4x4 (-0.0000,  0.0000, -1.1387, 0.0000)
            ( 0.0000,  1.1387, -0.0000, 0.0000)
            ( 1.1387, -0.0000, -0.0000, 0.0000)
            ( 9.7141,  0.0000,  2.0964, 1.0000)>
MESH
House_4.003
<Matrix 4x4 (-0.0000,  0.0000, -1.1387, 0.0000)
            ( 0.0000,  1.1387, -0.0000, 0.0000)
            ( 1.1387, -0.0000, -0.0000, 0.0000)
            ( 9.6953,  0.0000, -2.5646, 1.0000)>
MESH
House_3.003
<Matrix 4x4 (-0.0000,  0.0000, -1.1387, 0.0000)
            ( 0.0000,  1.1387, -0.0000, 0.0000)
            ( 1.1387, -0.0000, -0.0000, 0.0000)
            ( 9.6859,  0.0000, -4.8952, 1.0000)>
MESH
House_2.001
<Matrix 4x4 ( 1.1387,  0.0000,   0.0000, 0.0000)
            ( 0.0000,  1.1387,   0.0000, 0.0000)
            ( 0.0000, -0.0000,   1.1387, 0.0000)
            (-2.8977,  0.0000, -10.0124, 1.0000)>
MESH
House_1.001
<Matrix 4x4 (-1.1387, 0.0000, -0.0000, 0.0000)
            (-0.0000, 1.1387,  0.0000, 0.0000)
            ( 0.0000, 0.0000, -1.1387, 0.0000)
            (-0.2357, 0.0000, -9.5188, 1.0000)>
MESH
House_1.002
<Matrix 4x4 (-1.1387, 0.0000, -0.0000, 0.0000)
            (-0.0000, 1.1387,  0.0000, 0.0000)
            ( 0.0000, 0.0000, -1.1387, 0.0000)
            ( 2.3984, 0.0000, -9.5188, 1.0000)>
MESH
Wizard
<Matrix 4x4 (-0.0640,  0.0000,  0.2756, 0.0000)
            (-0.0000,  0.2829, -0.0000, 0.0000)
            (-0.2756, -0.0000, -0.0640, 0.0000)
            ( 3.4866, -0.0014,  0.0548, 1.0000)>
MESH
Warrior
<Matrix 4x4 (0.2829,  0.0000,   0.0000, 0.0000)
            (0.0000,  0.2829,   0.0000, 0.0000)
            (0.0000, -0.0000,   0.2829, 0.0000)
            (5.8784,  0.0000, -10.0255, 1.0000)>
MESH
Rogue
<Matrix 4x4 ( 0.2829,  0.0000,  0.0000, 0.0000)
            ( 0.0000,  0.2829,  0.0000, 0.0000)
            ( 0.0000, -0.0000,  0.2829, 0.0000)
            (-9.0119,  0.0000, -2.4006, 1.0000)>
MESH
Ranger
<Matrix 4x4 (0.2829,  0.0000,  0.0000, 0.0000)
            (0.0000,  0.2829,  0.0000, 0.0000)
            (0.0000, -0.0000,  0.2829, 0.0000)
            (4.3100,  0.0000, -9.7287, 1.0000)>
MESH
Monk
<Matrix 4x4 ( 0.0694,  0.0000, -0.2743, 0.0000)
            ( 0.0000,  0.2829,  0.0000, 0.0000)
            ( 0.2743, -0.0000,  0.0694, 0.0000)
            (-5.2863,  0.0000,  7.6632, 1.0000)>
MESH
Cleric
<Matrix 4x4 ( 0.2829,  0.0000,  0.0000, 0.0000)
            ( 0.0000,  0.2829,  0.0000, 0.0000)
            ( 0.0000, -0.0000,  0.2829, 0.0000)
            (-7.5339,  0.0000, -6.9772, 1.0000)>
MESH
Wizard.001
<Matrix 4x4 ( 0.2775,  0.0000, 0.0549, 0.0000)
            (-0.0000,  0.2829, 0.0000, 0.0000)
            (-0.0549, -0.0000, 0.2775, 0.0000)
            ( 3.6581, -0.0057, 1.6510, 1.0000)>
MESH
Cleric.001
<Matrix 4x4 (-0.2625,  0.0000,  0.1055, 0.0000)
            (-0.0000,  0.2829, -0.0000, 0.0000)
            (-0.1055, -0.0000, -0.2625, 0.0000)
            (-3.5797,  0.0000, -7.4159, 1.0000)>
MESH
MarketStand_2
<Matrix 4x4 (-0.0000,  0.0000,  -1.0000, 0.0000)
            ( 0.0000,  1.0000,  -0.0000, 0.0000)
            ( 1.0000, -0.0000,  -0.0000, 0.0000)
            ( 4.2734,  0.0000, -10.7993, 1.0000)>
MESH
MarketStand_1
<Matrix 4x4 ( 1.0000,  0.0000, 0.0000, 0.0000)
            ( 0.0000,  1.0000, 0.0000, 0.0000)
            ( 0.0000, -0.0000, 1.0000, 0.0000)
            (-2.8969,  0.0000, 0.5613, 1.0000)>
MESH
Gazebo
<Matrix 4x4 ( 1.2772,  0.0000,  0.0000, 0.0000)
            ( 0.0000,  1.2772,  0.0000, 0.0000)
            ( 0.0000, -0.0000,  1.2772, 0.0000)
            (-9.2140,  0.0000, -2.7025, 1.0000)>
MESH
MarketStand_2.001
<Matrix 4x4 (-0.0000,  0.0000,  -1.0000, 0.0000)
            ( 0.0000,  1.0000,  -0.0000, 0.0000)
            ( 1.0000, -0.0000,  -0.0000, 0.0000)
            ( 5.7614,  0.0000, -10.7993, 1.0000)>
MESH
Cleric.002
<Matrix 4x4 (0.2518,  0.0000, -0.1289, 0.0000)
            (0.0000,  0.2829,  0.0000, 0.0000)
            (0.1289, -0.0000,  0.2518, 0.0000)
            (9.0962,  0.0000, -6.4888, 1.0000)>
MESH
Barrel
<Matrix 4x4 ( 2.4234,  0.0000,  0.0000, 0.0000)
            ( 0.0000,  2.4234,  0.0000, 0.0000)
            ( 0.0000, -0.0000,  2.4234, 0.0000)
            (-2.9115,  0.0000, -0.3241, 1.0000)>
MESH
Bags
<Matrix 4x4 ( 1.3602,  0.0000, 0.0000, 0.0000)
            ( 0.0000,  1.3602, 0.0000, 0.0000)
            ( 0.0000, -0.0000, 1.3602, 0.0000)
            (-3.2503,  0.0000, 0.4971, 1.0000)>
MESH
Bag_Open
<Matrix 4x4 ( 2.4234,  0.0000, 0.0000, 0.0000)
            ( 0.0000,  2.4234, 0.0000, 0.0000)
            ( 0.0000, -0.0000, 2.4234, 0.0000)
            (-3.4875,  0.0000, 0.8579, 1.0000)>
MESH
Barrel.001
<Matrix 4x4 ( 2.4234,  0.0000, 0.0000, 0.0000)
            ( 0.0000,  2.4234, 0.0000, 0.0000)
            ( 0.0000, -0.0000, 2.4234, 0.0000)
            (-2.9115,  0.0000, 1.4704, 1.0000)>
MESH
Bag_Open.001
<Matrix 4x4 ( 0.7296,  0.0000, -2.3110, 0.0000)
            ( 0.0000,  2.4234,  0.0000, 0.0000)
            ( 2.3110, -0.0000,  0.7296, 0.0000)
            (-2.9840,  0.2323,  0.7612, 1.0000)>
MESH
Bags.001
<Matrix 4x4 ( 1.0259,  0.0000, 0.0000, 0.0000)
            ( 0.0000,  1.0259, 0.0000, 0.0000)
            ( 0.0000, -0.0000, 1.0259, 0.0000)
            (-3.2503,  0.0000, 0.1799, 1.0000)>
MESH
Bag_Open.002
<Matrix 4x4 (-0.4451,  0.0000, -2.3822, 0.0000)
            ( 0.0000,  2.4234, -0.0000, 0.0000)
            ( 2.3822, -0.0000, -0.4451, 0.0000)
            (-2.9840,  0.2323,  0.2852, 1.0000)>
MESH
Monk.001
<Matrix 4x4 ( 0.0694,  0.0000, -0.2743, 0.0000)
            ( 0.0000,  0.2829,  0.0000, 0.0000)
            ( 0.2743, -0.0000,  0.0694, 0.0000)
            (-3.1716,  0.1445,  1.8787, 1.0000)>
MESH
Monk.002
<Matrix 4x4 (-0.1358,  0.0000, -0.2482, 0.0000)
            ( 0.0000,  0.2829, -0.0000, 0.0000)
            ( 0.2482, -0.0000, -0.1358, 0.0000)
            (-3.1716,  0.1445, -0.6838, 1.0000)>
MESH
4Story
<Matrix 4x4 (-1.0000,  0.0000,  -0.0000, 0.0000)
            ( 0.0000,  1.0000,  -0.0000, 0.0000)
            ( 0.0000, -0.0000,  -1.0000, 0.0000)
            (-8.3671,  0.0000, -10.0296, 1.0000)>
MESH
Warrior.001
<Matrix 4x4 (-0.2052,  0.0000, -0.1947, 0.0000)
            ( 0.0000,  0.2829, -0.0000, 0.0000)
            ( 0.1947, -0.0000, -0.2052, 0.0000)
            (-6.2910,  0.0000, -8.5987, 1.0000)>
MESH
4Story_Center
<Matrix 4x4 ( 1.0000,  0.0000,  0.0000, 0.0000)
            ( 0.0000,  1.0000,  0.0000, 0.0000)
            ( 0.0000, -0.0000,  1.0000, 0.0000)
            (-4.8776,  0.0000, 10.1500, 1.0000)>
