# Game Level Exporter v1.3
MESH
Ground
<Matrix 4x4 (13.8936,   0.0000,  0.0000, 0.0000)
            ( 0.0000,   0.0000, 16.5633, 0.0000)
            ( 0.0000, -13.8936,  0.0000, 0.0000)
            ( 0.0000,   0.0000, -2.4782, 1.0000)>
MESH
BirchTree_1
<Matrix 4x4 ( 1.0000,  0.0000, 0.0000, 0.0000)
            ( 0.0000,  1.0000, 0.0000, 0.0000)
            ( 0.0000, -0.0000, 1.0000, 0.0000)
            (-6.9244,  0.0000, 7.3873, 1.0000)>
MESH
BirchTree_2
<Matrix 4x4 (  1.0000,  0.0000,  0.0000, 0.0000)
            (  0.0000,  1.0000,  0.0000, 0.0000)
            (  0.0000, -0.0000,  1.0000, 0.0000)
            (-10.0716,  0.0000, 11.4830, 1.0000)>
MESH
BirchTree_3
<Matrix 4x4 ( 1.0000,  0.0000, 0.0000, 0.0000)
            ( 0.0000,  1.0000, 0.0000, 0.0000)
            ( 0.0000, -0.0000, 1.0000, 0.0000)
            (-9.4850,  0.0000, 8.1240, 1.0000)>
MESH
BirchTree_4
<Matrix 4x4 ( 1.0000,  0.0000,  0.0000, 0.0000)
            ( 0.0000,  1.0000,  0.0000, 0.0000)
            ( 0.0000, -0.0000,  1.0000, 0.0000)
            (-3.5168,  0.0000, 10.5240, 1.0000)>
MESH
BirchTree_5
<Matrix 4x4 ( 1.0000,  0.0000,  0.0000, 0.0000)
            ( 0.0000,  1.0000,  0.0000, 0.0000)
            ( 0.0000, -0.0000,  1.0000, 0.0000)
            (-6.7124,  0.0000, 11.2194, 1.0000)>
MESH
Bush_1
<Matrix 4x4 ( 1.0000,  0.0000,  0.0000, 0.0000)
            ( 0.0000,  1.0000,  0.0000, 0.0000)
            ( 0.0000, -0.0000,  1.0000, 0.0000)
            (-6.8726,  0.0000, -8.6968, 1.0000)>
MESH
Bush_2
<Matrix 4x4 (1.0000,  0.0000,  0.0000, 0.0000)
            (0.0000,  1.0000,  0.0000, 0.0000)
            (0.0000, -0.0000,  1.0000, 0.0000)
            (7.4057,  0.0000, 12.0847, 1.0000)>
MESH
BushBerries_1
<Matrix 4x4 (1.0000,  0.0000, 0.0000, 0.0000)
            (0.0000,  1.0000, 0.0000, 0.0000)
            (0.0000, -0.0000, 1.0000, 0.0000)
            (4.1875,  0.0000, 8.2677, 1.0000)>
MESH
BushBerries_2
<Matrix 4x4 ( 1.0000,  0.0000,  0.0000, 0.0000)
            ( 0.0000,  1.0000,  0.0000, 0.0000)
            ( 0.0000, -0.0000,  1.0000, 0.0000)
            (10.6255,  0.0000, 10.6789, 1.0000)>
MESH
Cactus_1
<Matrix 4x4 (1.0000,  0.0000, 0.0000, 0.0000)
            (0.0000,  1.0000, 0.0000, 0.0000)
            (0.0000, -0.0000, 1.0000, 0.0000)
            (4.9646,  0.0000, 1.5495, 1.0000)>
MESH
Cactus_2
<Matrix 4x4 ( 1.0000,  0.0000,  0.0000, 0.0000)
            ( 0.0000,  1.0000,  0.0000, 0.0000)
            ( 0.0000, -0.0000,  1.0000, 0.0000)
            (11.8658,  0.0000, -2.6089, 1.0000)>
MESH
Cactus_3
<Matrix 4x4 (  1.0000,  0.0000,  0.0000, 0.0000)
            (  0.0000,  1.0000,  0.0000, 0.0000)
            (  0.0000, -0.0000,  1.0000, 0.0000)
            (-11.4343,  0.0000, -0.2826, 1.0000)>
MESH
Cactus_4
<Matrix 4x4 (1.0000,  0.0000, 0.0000, 0.0000)
            (0.0000,  1.0000, 0.0000, 0.0000)
            (0.0000, -0.0000, 1.0000, 0.0000)
            (1.4043,  0.0000, 0.0000, 1.0000)>
MESH
Cactus_5
<Matrix 4x4 ( 1.0000,  0.0000,  0.0000, 0.0000)
            ( 0.0000,  1.0000,  0.0000, 0.0000)
            ( 0.0000, -0.0000,  1.0000, 0.0000)
            (-6.5328,  0.0000, -4.2412, 1.0000)>
MESH
CactusFlower_1
<Matrix 4x4 (1.0000,  0.0000,  0.0000, 0.0000)
            (0.0000,  1.0000,  0.0000, 0.0000)
            (0.0000, -0.0000,  1.0000, 0.0000)
            (5.5428,  0.0000, 10.3375, 1.0000)>
MESH
CactusFlowers_2
<Matrix 4x4 (1.0000,  0.0000, 0.0000, 0.0000)
            (0.0000,  1.0000, 0.0000, 0.0000)
            (0.0000, -0.0000, 1.0000, 0.0000)
            (8.2883,  0.0000, 0.0000, 1.0000)>
MESH
CactusFlowers_3
<Matrix 4x4 (  1.0000,  0.0000, 0.0000, 0.0000)
            (  0.0000,  1.0000, 0.0000, 0.0000)
            (  0.0000, -0.0000, 1.0000, 0.0000)
            (-12.5244,  0.0000, 2.8429, 1.0000)>
MESH
CactusFlowers_4
<Matrix 4x4 ( 1.0000,  0.0000, 0.0000, 0.0000)
            ( 0.0000,  1.0000, 0.0000, 0.0000)
            ( 0.0000, -0.0000, 1.0000, 0.0000)
            (-4.6420,  0.0000, 4.5354, 1.0000)>
MESH
CactusFlowers_5
<Matrix 4x4 (1.0000,  0.0000,  0.0000, 0.0000)
            (0.0000,  1.0000,  0.0000, 0.0000)
            (0.0000, -0.0000,  1.0000, 0.0000)
            (6.4678,  0.0000, -0.6701, 1.0000)>
MESH
Corn_1
<Matrix 4x4 (1.0000,  0.0000,  0.0000, 0.0000)
            (0.0000,  1.0000,  0.0000, 0.0000)
            (0.0000, -0.0000,  1.0000, 0.0000)
            (9.8107,  0.0000, -6.3839, 1.0000)>
MESH
Corn_2
<Matrix 4x4 (1.0000,  0.0000,  0.0000, 0.0000)
            (0.0000,  1.0000,  0.0000, 0.0000)
            (0.0000, -0.0000,  1.0000, 0.0000)
            (8.3740,  0.0000, -3.8096, 1.0000)>
MESH
Flowers
<Matrix 4x4 ( 1.0000,  0.0000,  0.0000, 0.0000)
            ( 0.0000,  1.0000,  0.0000, 0.0000)
            ( 0.0000, -0.0000,  1.0000, 0.0000)
            (-0.4439,  0.0000, -8.9124, 1.0000)>
MESH
Grass
<Matrix 4x4 (  1.0000,  0.0000,  0.0000, 0.0000)
            (  0.0000,  1.0000,  0.0000, 0.0000)
            (  0.0000, -0.0000,  1.0000, 0.0000)
            (-12.3943,  0.0000, -5.0003, 1.0000)>
MESH
Grass_2
<Matrix 4x4 (  1.0000,  0.0000,  0.0000, 0.0000)
            (  0.0000,  1.0000,  0.0000, 0.0000)
            (  0.0000, -0.0000,  1.0000, 0.0000)
            (-13.0434,  0.0000, -7.6165, 1.0000)>
MESH
Grass_Short
<Matrix 4x4 ( 1.0000,  0.0000, 0.0000, 0.0000)
            ( 0.0000,  1.0000, 0.0000, 0.0000)
            ( 0.0000, -0.0000, 1.0000, 0.0000)
            (10.8324,  0.0000, 3.8409, 1.0000)>
MESH
Plant_1
<Matrix 4x4 ( 1.0000,  0.0000,   0.0000, 0.0000)
            ( 0.0000,  1.0000,   0.0000, 0.0000)
            ( 0.0000, -0.0000,   1.0000, 0.0000)
            (-0.2751,  0.0000, -18.1427, 1.0000)>
MESH
Plant_2
<Matrix 4x4 (  1.0000,  0.0000,   0.0000, 0.0000)
            (  0.0000,  1.0000,   0.0000, 0.0000)
            (  0.0000, -0.0000,   1.0000, 0.0000)
            (-12.6351,  0.0000, -15.3952, 1.0000)>
MESH
Plant_3
<Matrix 4x4 ( 1.0000,  0.0000,   0.0000, 0.0000)
            ( 0.0000,  1.0000,   0.0000, 0.0000)
            ( 0.0000, -0.0000,   1.0000, 0.0000)
            (13.1351,  0.0000, -17.8198, 1.0000)>
MESH
Plant_4
<Matrix 4x4 (1.0000,  0.0000, 0.0000, 0.0000)
            (0.0000,  1.0000, 0.0000, 0.0000)
            (0.0000, -0.0000, 1.0000, 0.0000)
            (0.3554,  0.0000, 5.0222, 1.0000)>
MESH
Plant_5
<Matrix 4x4 (1.0000,  0.0000,   0.0000, 0.0000)
            (0.0000,  1.0000,   0.0000, 0.0000)
            (0.0000, -0.0000,   1.0000, 0.0000)
            (5.9330,  0.0000, -12.3389, 1.0000)>
MESH
Rock_1
<Matrix 4x4 (  1.0000,  0.0000,  0.0000, 0.0000)
            (  0.0000,  1.0000,  0.0000, 0.0000)
            (  0.0000, -0.0000,  1.0000, 0.0000)
            (-11.2361,  0.0000, -8.4025, 1.0000)>
MESH
Rock_2
<Matrix 4x4 ( 1.0000,  0.0000,   0.0000, 0.0000)
            ( 0.0000,  1.0000,   0.0000, 0.0000)
            ( 0.0000, -0.0000,   1.0000, 0.0000)
            (-4.5612,  0.0000, -13.1173, 1.0000)>
MESH
Rock_3
<Matrix 4x4 ( 1.0000,  0.0000,   0.0000, 0.0000)
            ( 0.0000,  1.0000,   0.0000, 0.0000)
            ( 0.0000, -0.0000,   1.0000, 0.0000)
            (-7.9239,  0.0642, -15.3952, 1.0000)>
MESH
Rock_4
<Matrix 4x4 ( 1.0000,  0.0000,   0.0000, 0.0000)
            ( 0.0000,  1.0000,   0.0000, 0.0000)
            ( 0.0000, -0.0000,   1.0000, 0.0000)
            (-2.3660,  0.0000, -10.4625, 1.0000)>
MESH
Rock_5
<Matrix 4x4 (1.0000,  0.0000,   0.0000, 0.0000)
            (0.0000,  1.0000,   0.0000, 0.0000)
            (0.0000, -0.0000,   1.0000, 0.0000)
            (2.8861,  0.0000, -11.3865, 1.0000)>
MESH
Rock_6
<Matrix 4x4 ( 1.0000,  0.0000,  0.0000, 0.0000)
            ( 0.0000,  1.0000,  0.0000, 0.0000)
            ( 0.0000, -0.0000,  1.0000, 0.0000)
            (-1.0274,  0.0000, -4.6577, 1.0000)>
MESH
Rock_7
<Matrix 4x4 ( 1.0000,  0.0000,  0.0000, 0.0000)
            ( 0.0000,  1.0000,  0.0000, 0.0000)
            ( 0.0000, -0.0000,  1.0000, 0.0000)
            (-2.4161,  0.0000, -6.3795, 1.0000)>
MESH
TreeStump_Moss
<Matrix 4x4 ( 1.0000,  0.0000,  0.0000, 0.0000)
            ( 0.0000,  1.0000,  0.0000, 0.0000)
            ( 0.0000, -0.0000,  1.0000, 0.0000)
            (-3.7869,  0.0000, -2.9898, 1.0000)>
MESH
Wheat
<Matrix 4x4 ( 1.0000,  0.0000,   0.0000, 0.0000)
            ( 0.0000,  1.0000,   0.0000, 0.0000)
            ( 0.0000, -0.0000,   1.0000, 0.0000)
            (12.8306,  0.0000, -11.0826, 1.0000)>
MESH
Willow_1
<Matrix 4x4 (  1.0000,  0.0000, 0.0000, 0.0000)
            (  0.0000,  1.0000, 0.0000, 0.0000)
            (  0.0000, -0.0000, 1.0000, 0.0000)
            (-12.2109,  0.0000, 7.2992, 1.0000)>
MESH
WoodLog
<Matrix 4x4 ( 0.8538,  0.0000,  0.5206, 0.0000)
            (-0.0000,  1.0000,  0.0000, 0.0000)
            (-0.5206, -0.0000,  0.8538, 0.0000)
            ( 1.5569, -0.0039, -3.2288, 1.0000)>
MESH
WoodLog_Moss
<Matrix 4x4 ( 1.0000,  0.0000, 0.0000, 0.0000)
            ( 0.0000,  1.0000, 0.0000, 0.0000)
            ( 0.0000, -0.0000, 1.0000, 0.0000)
            (-5.4800,  0.0000, 9.6115, 1.0000)>
MESH
BushBerries_1.001
<Matrix 4x4 (1.0000,  0.0000, 0.0000, 0.0000)
            (0.0000,  1.0000, 0.0000, 0.0000)
            (0.0000, -0.0000, 1.0000, 0.0000)
            (7.1886,  0.0000, 5.3136, 1.0000)>
MESH
Bush_2.001
<Matrix 4x4 (1.0000,  0.0000,  0.0000, 0.0000)
            (0.0000,  1.0000,  0.0000, 0.0000)
            (0.0000, -0.0000,  1.0000, 0.0000)
            (3.5731,  0.0000, 12.0847, 1.0000)>
MESH
BushBerries_2.001
<Matrix 4x4 ( 1.0000,  0.0000, 0.0000, 0.0000)
            ( 0.0000,  1.0000, 0.0000, 0.0000)
            ( 0.0000, -0.0000, 1.0000, 0.0000)
            (10.6255,  0.0000, 6.0062, 1.0000)>
MESH
CactusFlower_1.001
<Matrix 4x4 (1.0000,  0.0000,  0.0000, 0.0000)
            (0.0000,  1.0000,  0.0000, 0.0000)
            (0.0000, -0.0000,  1.0000, 0.0000)
            (8.4961,  0.0000, 10.3375, 1.0000)>
MESH
CactusFlower_1.002
<Matrix 4x4 (1.0000,  0.0000, 0.0000, 0.0000)
            (0.0000,  1.0000, 0.0000, 0.0000)
            (0.0000, -0.0000, 1.0000, 0.0000)
            (7.0929,  0.0000, 7.9427, 1.0000)>
MESH
Plant_4.001
<Matrix 4x4 (1.0000,  0.0000, 0.0000, 0.0000)
            (0.0000,  1.0000, 0.0000, 0.0000)
            (0.0000, -0.0000, 1.0000, 0.0000)
            (0.3554,  0.0000, 9.7578, 1.0000)>
MESH
Wheat.001
<Matrix 4x4 ( 1.0000,  0.0000,   0.0000, 0.0000)
            ( 0.0000,  1.0000,   0.0000, 0.0000)
            ( 0.0000, -0.0000,   1.0000, 0.0000)
            (12.8306,  0.0000, -12.2765, 1.0000)>
MESH
Wheat.002
<Matrix 4x4 ( 1.0000,  0.0000,   0.0000, 0.0000)
            ( 0.0000,  1.0000,   0.0000, 0.0000)
            ( 0.0000, -0.0000,   1.0000, 0.0000)
            (12.8306,  0.0000, -13.4020, 1.0000)>
MESH
Wheat.003
<Matrix 4x4 ( 1.0000,  0.0000,   0.0000, 0.0000)
            ( 0.0000,  1.0000,   0.0000, 0.0000)
            ( 0.0000, -0.0000,   1.0000, 0.0000)
            (12.8306,  0.0000, -14.6772, 1.0000)>
MESH
Wheat.004
<Matrix 4x4 ( 1.0000,  0.0000,   0.0000, 0.0000)
            ( 0.0000,  1.0000,   0.0000, 0.0000)
            ( 0.0000, -0.0000,   1.0000, 0.0000)
            (12.8306,  0.0000, -15.8936, 1.0000)>
MESH
Wheat.005
<Matrix 4x4 ( 1.0000,  0.0000,   0.0000, 0.0000)
            ( 0.0000,  1.0000,   0.0000, 0.0000)
            ( 0.0000, -0.0000,   1.0000, 0.0000)
            (11.5828,  0.0000, -11.0826, 1.0000)>
MESH
Wheat.006
<Matrix 4x4 ( 1.0000,  0.0000,   0.0000, 0.0000)
            ( 0.0000,  1.0000,   0.0000, 0.0000)
            ( 0.0000, -0.0000,   1.0000, 0.0000)
            (11.5828,  0.0000, -12.2765, 1.0000)>
MESH
Wheat.007
<Matrix 4x4 ( 1.0000,  0.0000,   0.0000, 0.0000)
            ( 0.0000,  1.0000,   0.0000, 0.0000)
            ( 0.0000, -0.0000,   1.0000, 0.0000)
            (11.5828,  0.0000, -13.4020, 1.0000)>
MESH
Wheat.008
<Matrix 4x4 ( 1.0000,  0.0000,   0.0000, 0.0000)
            ( 0.0000,  1.0000,   0.0000, 0.0000)
            ( 0.0000, -0.0000,   1.0000, 0.0000)
            (11.5828,  0.0000, -14.6772, 1.0000)>
MESH
Wheat.009
<Matrix 4x4 ( 1.0000,  0.0000,   0.0000, 0.0000)
            ( 0.0000,  1.0000,   0.0000, 0.0000)
            ( 0.0000, -0.0000,   1.0000, 0.0000)
            (11.5828,  0.0000, -15.8936, 1.0000)>
MESH
Grass.001
<Matrix 4x4 (  1.0000,  0.0000,  0.0000, 0.0000)
            (  0.0000,  1.0000,  0.0000, 0.0000)
            (  0.0000, -0.0000,  1.0000, 0.0000)
            (-10.8900,  0.0000, -4.3217, 1.0000)>
MESH
Grass.002
<Matrix 4x4 ( 1.0000,  0.0000,  0.0000, 0.0000)
            ( 0.0000,  1.0000,  0.0000, 0.0000)
            ( 0.0000, -0.0000,  1.0000, 0.0000)
            (-9.4577,  0.0000, -3.3044, 1.0000)>
MESH
Grass_2.001
<Matrix 4x4 (  1.0000,  0.0000,   0.0000, 0.0000)
            (  0.0000,  1.0000,   0.0000, 0.0000)
            (  0.0000, -0.0000,   1.0000, 0.0000)
            (-12.9471,  0.0000, -10.6882, 1.0000)>
MESH
Grass_2.002
<Matrix 4x4 (  1.0000,  0.0000,   0.0000, 0.0000)
            (  0.0000,  1.0000,   0.0000, 0.0000)
            (  0.0000, -0.0000,   1.0000, 0.0000)
            (-11.3313,  0.0000, -12.9516, 1.0000)>
MESH
Grass_2.003
<Matrix 4x4 ( 1.0000,  0.0000,   0.0000, 0.0000)
            ( 0.0000,  1.0000,   0.0000, 0.0000)
            ( 0.0000, -0.0000,   1.0000, 0.0000)
            (-9.5839,  0.0000, -16.0835, 1.0000)>
MESH
Plant_2.001
<Matrix 4x4 (  1.0000,  0.0000,   0.0000, 0.0000)
            (  0.0000,  1.0000,   0.0000, 0.0000)
            (  0.0000, -0.0000,   1.0000, 0.0000)
            (-11.9056,  0.0000, -17.1982, 1.0000)>
MESH
Grass_2.004
<Matrix 4x4 ( 1.0000,  0.0000,   0.0000, 0.0000)
            ( 0.0000,  1.0000,   0.0000, 0.0000)
            ( 0.0000, -0.0000,   1.0000, 0.0000)
            (-5.9621, -1.7035, -16.0835, 1.0000)>
MESH
CactusFlowers_4.001
<Matrix 4x4 ( 1.0000,  0.0000, 0.0000, 0.0000)
            ( 0.0000,  1.0000, 0.0000, 0.0000)
            ( 0.0000, -0.0000, 1.0000, 0.0000)
            (-7.0460,  0.0000, 2.5950, 1.0000)>
MESH
Corn_1.001
<Matrix 4x4 (1.0000,  0.0000,  0.0000, 0.0000)
            (0.0000,  1.0000,  0.0000, 0.0000)
            (0.0000, -0.0000,  1.0000, 0.0000)
            (3.7038,  0.0000, -7.9272, 1.0000)>
MESH
Grass_Short.001
<Matrix 4x4 ( 1.0000,  0.0000, 0.0000, 0.0000)
            ( 0.0000,  1.0000, 0.0000, 0.0000)
            ( 0.0000, -0.0000, 1.0000, 0.0000)
            (11.6984,  0.0000, 3.8409, 1.0000)>
MESH
Grass_Short.002
<Matrix 4x4 ( 1.0000,  0.0000, 0.0000, 0.0000)
            ( 0.0000,  1.0000, 0.0000, 0.0000)
            ( 0.0000, -0.0000, 1.0000, 0.0000)
            (10.8324,  0.0000, 3.1339, 1.0000)>
MESH
Grass_Short.003
<Matrix 4x4 ( 1.0000,  0.0000, 0.0000, 0.0000)
            ( 0.0000,  1.0000, 0.0000, 0.0000)
            ( 0.0000, -0.0000, 1.0000, 0.0000)
            (11.5292,  0.0000, 3.1339, 1.0000)>
MESH
Grass_Short.004
<Matrix 4x4 (1.0000,  0.0000, 0.0000, 0.0000)
            (0.0000,  1.0000, 0.0000, 0.0000)
            (0.0000, -0.0000, 1.0000, 0.0000)
            (8.9437,  0.0000, 3.1631, 1.0000)>
MESH
Grass_Short.005
<Matrix 4x4 (1.0000,  0.0000, 0.0000, 0.0000)
            (0.0000,  1.0000, 0.0000, 0.0000)
            (0.0000, -0.0000, 1.0000, 0.0000)
            (9.8096,  0.0000, 3.1631, 1.0000)>
MESH
Grass_Short.006
<Matrix 4x4 (1.0000,  0.0000, 0.0000, 0.0000)
            (0.0000,  1.0000, 0.0000, 0.0000)
            (0.0000, -0.0000, 1.0000, 0.0000)
            (8.9437,  0.0000, 2.4560, 1.0000)>
MESH
Grass_Short.007
<Matrix 4x4 (1.0000,  0.0000, 0.0000, 0.0000)
            (0.0000,  1.0000, 0.0000, 0.0000)
            (0.0000, -0.0000, 1.0000, 0.0000)
            (9.6404,  0.0000, 2.4560, 1.0000)>
MESH
Grass_Short.008
<Matrix 4x4 ( 1.0000,  0.0000, 0.0000, 0.0000)
            ( 0.0000,  1.0000, 0.0000, 0.0000)
            ( 0.0000, -0.0000, 1.0000, 0.0000)
            (12.2121,  0.0000, 5.2134, 1.0000)>
MESH
Grass_Short.009
<Matrix 4x4 ( 1.0000,  0.0000, 0.0000, 0.0000)
            ( 0.0000,  1.0000, 0.0000, 0.0000)
            ( 0.0000, -0.0000, 1.0000, 0.0000)
            (13.0780,  0.0000, 5.2134, 1.0000)>
MESH
Grass_Short.010
<Matrix 4x4 ( 1.0000,  0.0000, 0.0000, 0.0000)
            ( 0.0000,  1.0000, 0.0000, 0.0000)
            ( 0.0000, -0.0000, 1.0000, 0.0000)
            (12.2121,  0.0000, 4.5063, 1.0000)>
MESH
Grass_Short.011
<Matrix 4x4 ( 1.0000,  0.0000, 0.0000, 0.0000)
            ( 0.0000,  1.0000, 0.0000, 0.0000)
            ( 0.0000, -0.0000, 1.0000, 0.0000)
            (12.9088,  0.0000, 4.5063, 1.0000)>
MESH
Grass_Short.012
<Matrix 4x4 ( 1.0000,  0.0000, 0.0000, 0.0000)
            ( 0.0000,  1.0000, 0.0000, 0.0000)
            ( 0.0000, -0.0000, 1.0000, 0.0000)
            (12.2121,  0.0000, 6.9909, 1.0000)>
MESH
Grass_Short.013
<Matrix 4x4 ( 1.0000,  0.0000, 0.0000, 0.0000)
            ( 0.0000,  1.0000, 0.0000, 0.0000)
            ( 0.0000, -0.0000, 1.0000, 0.0000)
            (13.0780,  0.0000, 6.9909, 1.0000)>
MESH
Grass_Short.014
<Matrix 4x4 ( 1.0000,  0.0000, 0.0000, 0.0000)
            ( 0.0000,  1.0000, 0.0000, 0.0000)
            ( 0.0000, -0.0000, 1.0000, 0.0000)
            (12.2121,  0.0000, 6.2838, 1.0000)>
MESH
Grass_Short.015
<Matrix 4x4 ( 1.0000,  0.0000, 0.0000, 0.0000)
            ( 0.0000,  1.0000, 0.0000, 0.0000)
            ( 0.0000, -0.0000, 1.0000, 0.0000)
            (12.9088,  0.0000, 6.2838, 1.0000)>
MESH
Grass_Short.016
<Matrix 4x4 ( 1.0000,  0.0000, 0.0000, 0.0000)
            ( 0.0000,  1.0000, 0.0000, 0.0000)
            ( 0.0000, -0.0000, 1.0000, 0.0000)
            (12.0109,  0.0000, 8.8972, 1.0000)>
MESH
Grass_Short.017
<Matrix 4x4 ( 1.0000,  0.0000, 0.0000, 0.0000)
            ( 0.0000,  1.0000, 0.0000, 0.0000)
            ( 0.0000, -0.0000, 1.0000, 0.0000)
            (12.8768,  0.0000, 8.8972, 1.0000)>
MESH
Grass_Short.018
<Matrix 4x4 ( 1.0000,  0.0000, 0.0000, 0.0000)
            ( 0.0000,  1.0000, 0.0000, 0.0000)
            ( 0.0000, -0.0000, 1.0000, 0.0000)
            (12.0109,  0.0000, 8.1901, 1.0000)>
MESH
Grass_Short.019
<Matrix 4x4 ( 1.0000,  0.0000, 0.0000, 0.0000)
            ( 0.0000,  1.0000, 0.0000, 0.0000)
            ( 0.0000, -0.0000, 1.0000, 0.0000)
            (12.7076,  0.0000, 8.1901, 1.0000)>
MESH
Grass_Short.020
<Matrix 4x4 ( 1.0000,  0.0000,  0.0000, 0.0000)
            ( 0.0000,  1.0000,  0.0000, 0.0000)
            ( 0.0000, -0.0000,  1.0000, 0.0000)
            (12.3048,  0.0000, 11.1283, 1.0000)>
MESH
Grass_Short.021
<Matrix 4x4 ( 1.0000,  0.0000,  0.0000, 0.0000)
            ( 0.0000,  1.0000,  0.0000, 0.0000)
            ( 0.0000, -0.0000,  1.0000, 0.0000)
            (13.1707,  0.0000, 11.1283, 1.0000)>
MESH
Grass_Short.022
<Matrix 4x4 ( 1.0000,  0.0000,  0.0000, 0.0000)
            ( 0.0000,  1.0000,  0.0000, 0.0000)
            ( 0.0000, -0.0000,  1.0000, 0.0000)
            (12.3048,  0.0000, 10.4212, 1.0000)>
MESH
Grass_Short.023
<Matrix 4x4 ( 1.0000,  0.0000,  0.0000, 0.0000)
            ( 0.0000,  1.0000,  0.0000, 0.0000)
            ( 0.0000, -0.0000,  1.0000, 0.0000)
            (13.0015,  0.0000, 10.4212, 1.0000)>
MESH
Zebra
<Matrix 4x4 ( 0.2012, -0.0000, -0.1275, 0.0000)
            (-0.0000,  0.2382, -0.0000, 0.0000)
            ( 0.1275,  0.0000,  0.2012, 0.0000)
            (-6.5821,  0.0000,  0.0000, 1.0000)>
MESH
Zebra.001
<Matrix 4x4 ( 0.1353,  0.0000,   0.1960, 0.0000)
            (-0.0000,  0.2382,   0.0000, 0.0000)
            (-0.1960, -0.0000,   0.1353, 0.0000)
            (-6.5821,  0.0000, -12.4700, 1.0000)>
MESH
Zebra.002
<Matrix 4x4 (-0.1583,  0.0000,  0.1780, 0.0000)
            (-0.0000,  0.2382, -0.0000, 0.0000)
            (-0.1780, -0.0000, -0.1583, 0.0000)
            ( 4.7299,  0.0000, -4.8055, 1.0000)>
MESH
Plant_1.001
<Matrix 4x4 ( 1.0000,  0.0000,   0.0000, 0.0000)
            ( 0.0000,  1.0000,   0.0000, 0.0000)
            ( 0.0000, -0.0000,   1.0000, 0.0000)
            (-2.7823,  0.5332, -18.1427, 1.0000)>
MESH
Plant_1.002
<Matrix 4x4 ( 1.0000,  0.0000,   0.0000, 0.0000)
            ( 0.0000,  1.0000,   0.0000, 0.0000)
            ( 0.0000, -0.0000,   1.0000, 0.0000)
            (-5.2209,  0.0000, -17.9798, 1.0000)>
MESH
Plant_1.003
<Matrix 4x4 (  1.0000,  0.0000,   0.0000, 0.0000)
            (  0.0000,  1.0000,   0.0000, 0.0000)
            (  0.0000, -0.0000,   1.0000, 0.0000)
            (-10.7839,  0.0000, -17.2255, 1.0000)>
MESH
Plant_1.004
<Matrix 4x4 (1.0000,  0.0000,   0.0000, 0.0000)
            (0.0000,  1.0000,   0.0000, 0.0000)
            (0.0000, -0.0000,   1.0000, 0.0000)
            (2.5196,  0.0000, -17.8749, 1.0000)>
MESH
Plant_1.005
<Matrix 4x4 (1.0000,  0.0000,   0.0000, 0.0000)
            (0.0000,  1.0000,   0.0000, 0.0000)
            (0.0000, -0.0000,   1.0000, 0.0000)
            (5.0858,  0.0000, -17.2238, 1.0000)>
MESH
Plant_1.006
<Matrix 4x4 (1.0000,  0.0000,   0.0000, 0.0000)
            (0.0000,  1.0000,   0.0000, 0.0000)
            (0.0000, -0.0000,   1.0000, 0.0000)
            (7.4777,  0.0000, -15.6946, 1.0000)>
MESH
Plant_1.007
<Matrix 4x4 ( 1.0000,  0.0000,   0.0000, 0.0000)
            ( 0.0000,  1.0000,   0.0000, 0.0000)
            ( 0.0000, -0.0000,   1.0000, 0.0000)
            (-8.1998,  0.0000, -17.7708, 1.0000)>
MESH
Plant_5.001
<Matrix 4x4 (1.0000,  0.0000,  0.0000, 0.0000)
            (0.0000,  1.0000,  0.0000, 0.0000)
            (0.0000, -0.0000,  1.0000, 0.0000)
            (5.9330,  0.0000, -9.3241, 1.0000)>
MESH
Plant_5.002
<Matrix 4x4 (1.0000,  0.0000,  0.0000, 0.0000)
            (0.0000,  1.0000,  0.0000, 0.0000)
            (0.0000, -0.0000,  1.0000, 0.0000)
            (8.6027,  0.0000, -9.3241, 1.0000)>
MESH
Plant_5.003
<Matrix 4x4 (1.0000,  0.0000,   0.0000, 0.0000)
            (0.0000,  1.0000,   0.0000, 0.0000)
            (0.0000, -0.0000,   1.0000, 0.0000)
            (8.6027,  0.0000, -11.8364, 1.0000)>
MESH
Willow_1.001
<Matrix 4x4 (  1.0000,  0.0000, 0.0000, 0.0000)
            (  0.0000,  1.0000, 0.0000, 0.0000)
            (  0.0000, -0.0000, 1.0000, 0.0000)
            (-10.1558,  0.0000, 3.3904, 1.0000)>
MESH
BirchTree_1.001
<Matrix 4x4 ( 1.0000,  0.0000, 0.0000, 0.0000)
            ( 0.0000,  1.0000, 0.0000, 0.0000)
            ( 0.0000, -0.0000, 1.0000, 0.0000)
            (-4.0305,  0.0000, 6.8576, 1.0000)>
MESH
BirchTree_5.001
<Matrix 4x4 ( 1.0000,  0.0000,  0.0000, 0.0000)
            ( 0.0000,  1.0000,  0.0000, 0.0000)
            ( 0.0000, -0.0000,  1.0000, 0.0000)
            (-0.4927,  0.0000, 12.6623, 1.0000)>
MESH
Willow_1.002
<Matrix 4x4 ( 1.0000,  0.0000, 0.0000, 0.0000)
            ( 0.0000,  1.0000, 0.0000, 0.0000)
            ( 0.0000, -0.0000, 1.0000, 0.0000)
            (-1.4395,  0.0000, 3.3904, 1.0000)>
MESH
TreeStump_Moss.001
<Matrix 4x4 (1.0000,  0.0000,  0.0000, 0.0000)
            (0.0000,  1.0000,  0.0000, 0.0000)
            (0.0000, -0.0000,  1.0000, 0.0000)
            (1.7501,  0.0000, -8.0161, 1.0000)>
MESH
Flowers.001
<Matrix 4x4 (1.0000,  0.0000, 0.0000, 0.0000)
            (0.0000,  1.0000, 0.0000, 0.0000)
            (0.0000, -0.0000, 1.0000, 0.0000)
            (3.4034,  0.0000, 1.3479, 1.0000)>
MESH
Flowers.002
<Matrix 4x4 ( 1.0000,  0.0000,   0.0000, 0.0000)
            ( 0.0000,  1.0000,   0.0000, 0.0000)
            ( 0.0000, -0.0000,   1.0000, 0.0000)
            (-9.7695,  0.0000, -11.1071, 1.0000)>
MESH
Wheat.010
<Matrix 4x4 ( 1.0000,  0.0000,  0.0000, 0.0000)
            ( 0.0000,  1.0000,  0.0000, 0.0000)
            ( 0.0000, -0.0000,  1.0000, 0.0000)
            (12.8306,  0.0000, -5.3599, 1.0000)>
MESH
Wheat.011
<Matrix 4x4 ( 1.0000,  0.0000,  0.0000, 0.0000)
            ( 0.0000,  1.0000,  0.0000, 0.0000)
            ( 0.0000, -0.0000,  1.0000, 0.0000)
            (12.8306,  0.0000, -6.5538, 1.0000)>
MESH
Wheat.012
<Matrix 4x4 ( 1.0000,  0.0000,  0.0000, 0.0000)
            ( 0.0000,  1.0000,  0.0000, 0.0000)
            ( 0.0000, -0.0000,  1.0000, 0.0000)
            (12.8306,  0.0000, -7.6792, 1.0000)>
MESH
Wheat.013
<Matrix 4x4 ( 1.0000,  0.0000,  0.0000, 0.0000)
            ( 0.0000,  1.0000,  0.0000, 0.0000)
            ( 0.0000, -0.0000,  1.0000, 0.0000)
            (12.8306,  0.0000, -8.9545, 1.0000)>
MESH
Wheat.014
<Matrix 4x4 ( 1.0000,  0.0000,   0.0000, 0.0000)
            ( 0.0000,  1.0000,   0.0000, 0.0000)
            ( 0.0000, -0.0000,   1.0000, 0.0000)
            (12.8306,  0.0000, -10.1709, 1.0000)>
MESH
Wheat.015
<Matrix 4x4 ( 1.0000,  0.0000,  0.0000, 0.0000)
            ( 0.0000,  1.0000,  0.0000, 0.0000)
            ( 0.0000, -0.0000,  1.0000, 0.0000)
            (11.5828,  0.0000, -5.3599, 1.0000)>
MESH
Wheat.016
<Matrix 4x4 ( 1.0000,  0.0000,  0.0000, 0.0000)
            ( 0.0000,  1.0000,  0.0000, 0.0000)
            ( 0.0000, -0.0000,  1.0000, 0.0000)
            (11.5828,  0.0000, -6.5538, 1.0000)>
MESH
Wheat.017
<Matrix 4x4 ( 1.0000,  0.0000,  0.0000, 0.0000)
            ( 0.0000,  1.0000,  0.0000, 0.0000)
            ( 0.0000, -0.0000,  1.0000, 0.0000)
            (11.5828,  0.0000, -7.6792, 1.0000)>
MESH
Wheat.018
<Matrix 4x4 ( 1.0000,  0.0000,  0.0000, 0.0000)
            ( 0.0000,  1.0000,  0.0000, 0.0000)
            ( 0.0000, -0.0000,  1.0000, 0.0000)
            (11.5828,  0.0000, -8.9545, 1.0000)>
MESH
Wheat.019
<Matrix 4x4 ( 1.0000,  0.0000,   0.0000, 0.0000)
            ( 0.0000,  1.0000,   0.0000, 0.0000)
            ( 0.0000, -0.0000,   1.0000, 0.0000)
            (11.5828,  0.0000, -10.1709, 1.0000)>
